
 LIST ALL SELECTED NODES.   DSYS=      0
 SORT TABLE ON  NODE  NODE  NODE

   NODE        X                   Y                   Z
        1    0.00000000000        11.0000000000        0.00000000000    
        2   -12.0000000000       -1.00000000000        0.00000000000    
        3   -2.67578394800        10.6978707600        0.00000000000    
        4   -5.21682913400        9.80669671000        0.00000000000    
        5   -7.49518154700        8.37135281400        0.00000000000    
        6   -9.39611504000        6.46411563100        0.00000000000    
        7   -10.8239083500        4.18102384700        0.00000000000    
        8   -11.7066651100        1.63704226200        0.00000000000    
        9   0.680838861100E-13   -1.00000000000        0.00000000000    
       10   -9.00000000000       -1.00000000000        0.00000000000    
       11   -6.00000000000       -1.00000000000        0.00000000000    
       12   -3.00000000000       -1.00000000000        0.00000000000    
       13   0.510629145800E-13    2.00000000000        0.00000000000    
       14   0.340419430500E-13    5.00000000000        0.00000000000    
       15   0.170209715300E-13    8.00000000000        0.00000000000    
       16    12.0000000000       -1.00000000000        0.00000000000    
       17    3.00000000000       -1.00000000000        0.00000000000    
       18    6.00000000000       -1.00000000000        0.00000000000    
       19    9.00000000000       -1.00000000000        0.00000000000    
       20    11.6978707600        1.67578394800        0.00000000000    

   NODE        X                   Y                   Z
       21    10.8066967100        4.21682913400        0.00000000000    
       22    9.37135281400        6.49518154700        0.00000000000    
       23    7.46411563100        8.39611504000        0.00000000000    
       24    5.18102384700        9.82390834700        0.00000000000    
       25    2.63704226200        10.7066651100        0.00000000000    
       26   0.136167772200E-12   -13.0000000000        0.00000000000    
       27   -11.6978707600       -3.67578394800        0.00000000000    
       28   -10.8066967100       -6.21682913400        0.00000000000    
       29   -9.37135281400       -8.49518154700        0.00000000000    
       30   -7.46411563100       -10.3961150400        0.00000000000    
       31   -5.18102384700       -11.8239083500        0.00000000000    
       32   -2.63704226200       -12.7066651100        0.00000000000    
       33   0.119146800700E-12   -10.0000000000        0.00000000000    
       34   0.102125829200E-12   -7.00000000000        0.00000000000    
       35   0.851048576300E-13   -4.00000000000        0.00000000000    
       36    2.67578394800       -12.6978707600        0.00000000000    
       37    5.21682913400       -11.8066967100        0.00000000000    
       38    7.49518154700       -10.3713528100        0.00000000000    
       39    9.39611504000       -8.46411563100        0.00000000000    
       40    10.8239083500       -6.18102384700        0.00000000000    

   NODE        X                   Y                   Z
       41    11.7066651100       -3.63704226200        0.00000000000    
       42    9.19238815500        9.19238815500        0.00000000000    
       43  -0.462592926900E-14    13.0000000000        0.00000000000    
       44    7.21898964700        10.8113916100        0.00000000000    
       45    4.96727671100        12.0135824000        0.00000000000    
       46    2.52405986100        12.7526123500        0.00000000000    
       47    39.0000000000        39.0000000000        0.00000000000    
       48    11.1795622800        11.1795622800        0.00000000000    
       49    13.1667364000        13.1667364000        0.00000000000    
       50    15.1539105200        15.1539105200        0.00000000000    
       51    17.1410846500        17.1410846500        0.00000000000    
       52    19.1282587700        19.1282587700        0.00000000000    
       53    21.1154328900        21.1154328900        0.00000000000    
       54    23.1026070200        23.1026070200        0.00000000000    
       55    25.0897811400        25.0897811400        0.00000000000    
       56    27.0769552600        27.0769552600        0.00000000000    
       57    29.0641293900        29.0641293900        0.00000000000    
       58    31.0513035100        31.0513035100        0.00000000000    
       59    33.0384776300        33.0384776300        0.00000000000    
       60    35.0256517500        35.0256517500        0.00000000000    

   NODE        X                   Y                   Z
       61    37.0128258800        37.0128258800        0.00000000000    
       62  -0.693889390400E-14    39.0000000000        0.00000000000    
       63    36.2142857100        39.0000000000        0.00000000000    
       64    33.4285714300        39.0000000000        0.00000000000    
       65    30.6428571400        39.0000000000        0.00000000000    
       66    27.8571428600        39.0000000000        0.00000000000    
       67    25.0714285700        39.0000000000        0.00000000000    
       68    22.2857142900        39.0000000000        0.00000000000    
       69    19.5000000000        39.0000000000        0.00000000000    
       70    16.7142857100        39.0000000000        0.00000000000    
       71    13.9285714300        39.0000000000        0.00000000000    
       72    11.1428571400        39.0000000000        0.00000000000    
       73    8.35714285700        39.0000000000        0.00000000000    
       74    5.57142857100        39.0000000000        0.00000000000    
       75    2.78571428600        39.0000000000        0.00000000000    
       76  -0.282695677600E-14    15.8888888900        0.00000000000    
       77  -0.334094891700E-14    18.7777777800        0.00000000000    
       78  -0.385494105800E-14    21.6666666700        0.00000000000    
       79  -0.436893319900E-14    24.5555555600        0.00000000000    
       80  -0.488292534000E-14    27.4444444400        0.00000000000    

   NODE        X                   Y                   Z
       81  -0.539691748100E-14    30.3333333300        0.00000000000    
       82  -0.591090962200E-14    33.2222222200        0.00000000000    
       83  -0.642490176300E-14    36.1111111100        0.00000000000    
       84    13.0000000000        0.00000000000        0.00000000000    
       85    12.7494048500        2.54021178600        0.00000000000    
       86    12.0072806300        4.98249053500        0.00000000000    
       87    10.8022385200        7.23267882900        0.00000000000    
       88    39.0000000000        0.00000000000        0.00000000000    
       89    15.8888888900        0.00000000000        0.00000000000    
       90    18.7777777800        0.00000000000        0.00000000000    
       91    21.6666666700        0.00000000000        0.00000000000    
       92    24.5555555600        0.00000000000        0.00000000000    
       93    27.4444444400        0.00000000000        0.00000000000    
       94    30.3333333300        0.00000000000        0.00000000000    
       95    33.2222222200        0.00000000000        0.00000000000    
       96    36.1111111100        0.00000000000        0.00000000000    
       97    39.0000000000        2.78571428600        0.00000000000    
       98    39.0000000000        5.57142857100        0.00000000000    
       99    39.0000000000        8.35714285700        0.00000000000    
      100    39.0000000000        11.1428571400        0.00000000000    

   NODE        X                   Y                   Z
      101    39.0000000000        13.9285714300        0.00000000000    
      102    39.0000000000        16.7142857100        0.00000000000    
      103    39.0000000000        19.5000000000        0.00000000000    
      104    39.0000000000        22.2857142900        0.00000000000    
      105    39.0000000000        25.0714285700        0.00000000000    
      106    39.0000000000        27.8571428600        0.00000000000    
      107    39.0000000000        30.6428571400        0.00000000000    
      108    39.0000000000        33.4285714300        0.00000000000    
      109    39.0000000000        36.2142857100        0.00000000000    
      110    9.19238815500       -9.19238815500        0.00000000000    
      111    10.8113916100       -7.21898964700        0.00000000000    
      112    12.0135824000       -4.96727671100        0.00000000000    
      113    12.7526123500       -2.52405986100        0.00000000000    
      114    39.0000000000       -39.0000000000        0.00000000000    
      115    11.1795622800       -11.1795622800        0.00000000000    
      116    13.1667364000       -13.1667364000        0.00000000000    
      117    15.1539105200       -15.1539105200        0.00000000000    
      118    17.1410846500       -17.1410846500        0.00000000000    
      119    19.1282587700       -19.1282587700        0.00000000000    
      120    21.1154328900       -21.1154328900        0.00000000000    

   NODE        X                   Y                   Z
      121    23.1026070200       -23.1026070200        0.00000000000    
      122    25.0897811400       -25.0897811400        0.00000000000    
      123    27.0769552600       -27.0769552600        0.00000000000    
      124    29.0641293900       -29.0641293900        0.00000000000    
      125    31.0513035100       -31.0513035100        0.00000000000    
      126    33.0384776300       -33.0384776300        0.00000000000    
      127    35.0256517500       -35.0256517500        0.00000000000    
      128    37.0128258800       -37.0128258800        0.00000000000    
      129    39.0000000000       -36.2142857100        0.00000000000    
      130    39.0000000000       -33.4285714300        0.00000000000    
      131    39.0000000000       -30.6428571400        0.00000000000    
      132    39.0000000000       -27.8571428600        0.00000000000    
      133    39.0000000000       -25.0714285700        0.00000000000    
      134    39.0000000000       -22.2857142900        0.00000000000    
      135    39.0000000000       -19.5000000000        0.00000000000    
      136    39.0000000000       -16.7142857100        0.00000000000    
      137    39.0000000000       -13.9285714300        0.00000000000    
      138    39.0000000000       -11.1428571400        0.00000000000    
      139    39.0000000000       -8.35714285700        0.00000000000    
      140    39.0000000000       -5.57142857100        0.00000000000    

   NODE        X                   Y                   Z
      141    39.0000000000       -2.78571428600        0.00000000000    
      142   0.462592926900E-14   -13.0000000000        0.00000000000    
      143    2.54021178600       -12.7494048500        0.00000000000    
      144    4.98249053500       -12.0072806300        0.00000000000    
      145    7.23267882900       -10.8022385200        0.00000000000    
      146   0.693889390400E-14   -39.0000000000        0.00000000000    
      147   0.282695677600E-14   -15.8888888900        0.00000000000    
      148   0.334094891700E-14   -18.7777777800        0.00000000000    
      149   0.385494105800E-14   -21.6666666700        0.00000000000    
      150   0.436893319900E-14   -24.5555555600        0.00000000000    
      151   0.488292534000E-14   -27.4444444400        0.00000000000    
      152   0.539691748100E-14   -30.3333333300        0.00000000000    
      153   0.591090962200E-14   -33.2222222200        0.00000000000    
      154   0.642490176300E-14   -36.1111111100        0.00000000000    
      155    2.78571428600       -39.0000000000        0.00000000000    
      156    5.57142857100       -39.0000000000        0.00000000000    
      157    8.35714285700       -39.0000000000        0.00000000000    
      158    11.1428571400       -39.0000000000        0.00000000000    
      159    13.9285714300       -39.0000000000        0.00000000000    
      160    16.7142857100       -39.0000000000        0.00000000000    

   NODE        X                   Y                   Z
      161    19.5000000000       -39.0000000000        0.00000000000    
      162    22.2857142900       -39.0000000000        0.00000000000    
      163    25.0714285700       -39.0000000000        0.00000000000    
      164    27.8571428600       -39.0000000000        0.00000000000    
      165    30.6428571400       -39.0000000000        0.00000000000    
      166    33.4285714300       -39.0000000000        0.00000000000    
      167    36.2142857100       -39.0000000000        0.00000000000    
      168   -9.19238815500        9.19238815500        0.00000000000    
      169   -2.54021178600        12.7494048500        0.00000000000    
      170   -4.98249053500        12.0072806300        0.00000000000    
      171   -7.23267882900        10.8022385200        0.00000000000    
      172   -39.0000000000        39.0000000000        0.00000000000    
      173   -2.78571428600        39.0000000000        0.00000000000    
      174   -5.57142857100        39.0000000000        0.00000000000    
      175   -8.35714285700        39.0000000000        0.00000000000    
      176   -11.1428571400        39.0000000000        0.00000000000    
      177   -13.9285714300        39.0000000000        0.00000000000    
      178   -16.7142857100        39.0000000000        0.00000000000    
      179   -19.5000000000        39.0000000000        0.00000000000    
      180   -22.2857142900        39.0000000000        0.00000000000    

   NODE        X                   Y                   Z
      181   -25.0714285700        39.0000000000        0.00000000000    
      182   -27.8571428600        39.0000000000        0.00000000000    
      183   -30.6428571400        39.0000000000        0.00000000000    
      184   -33.4285714300        39.0000000000        0.00000000000    
      185   -36.2142857100        39.0000000000        0.00000000000    
      186   -11.1795622800        11.1795622800        0.00000000000    
      187   -13.1667364000        13.1667364000        0.00000000000    
      188   -15.1539105200        15.1539105200        0.00000000000    
      189   -17.1410846500        17.1410846500        0.00000000000    
      190   -19.1282587700        19.1282587700        0.00000000000    
      191   -21.1154328900        21.1154328900        0.00000000000    
      192   -23.1026070200        23.1026070200        0.00000000000    
      193   -25.0897811400        25.0897811400        0.00000000000    
      194   -27.0769552600        27.0769552600        0.00000000000    
      195   -29.0641293900        29.0641293900        0.00000000000    
      196   -31.0513035100        31.0513035100        0.00000000000    
      197   -33.0384776300        33.0384776300        0.00000000000    
      198   -35.0256517500        35.0256517500        0.00000000000    
      199   -37.0128258800        37.0128258800        0.00000000000    
      200   -13.0000000000        0.00000000000        0.00000000000    

   NODE        X                   Y                   Z
      201   -10.8113916100        7.21898964700        0.00000000000    
      202   -12.0135824000        4.96727671100        0.00000000000    
      203   -12.7526123500        2.52405986100        0.00000000000    
      204   -39.0000000000        0.00000000000        0.00000000000    
      205   -39.0000000000        36.2142857100        0.00000000000    
      206   -39.0000000000        33.4285714300        0.00000000000    
      207   -39.0000000000        30.6428571400        0.00000000000    
      208   -39.0000000000        27.8571428600        0.00000000000    
      209   -39.0000000000        25.0714285700        0.00000000000    
      210   -39.0000000000        22.2857142900        0.00000000000    
      211   -39.0000000000        19.5000000000        0.00000000000    
      212   -39.0000000000        16.7142857100        0.00000000000    
      213   -39.0000000000        13.9285714300        0.00000000000    
      214   -39.0000000000        11.1428571400        0.00000000000    
      215   -39.0000000000        8.35714285700        0.00000000000    
      216   -39.0000000000        5.57142857100        0.00000000000    
      217   -39.0000000000        2.78571428600        0.00000000000    
      218   -15.8888888900        0.00000000000        0.00000000000    
      219   -18.7777777800        0.00000000000        0.00000000000    
      220   -21.6666666700        0.00000000000        0.00000000000    

   NODE        X                   Y                   Z
      221   -24.5555555600        0.00000000000        0.00000000000    
      222   -27.4444444400        0.00000000000        0.00000000000    
      223   -30.3333333300        0.00000000000        0.00000000000    
      224   -33.2222222200        0.00000000000        0.00000000000    
      225   -36.1111111100        0.00000000000        0.00000000000    
      226   -9.19238815500       -9.19238815500        0.00000000000    
      227   -12.7494048500       -2.54021178600        0.00000000000    
      228   -12.0072806300       -4.98249053500        0.00000000000    
      229   -10.8022385200       -7.23267882900        0.00000000000    
      230   -39.0000000000       -39.0000000000        0.00000000000    
      231   -39.0000000000       -2.78571428600        0.00000000000    
      232   -39.0000000000       -5.57142857100        0.00000000000    
      233   -39.0000000000       -8.35714285700        0.00000000000    
      234   -39.0000000000       -11.1428571400        0.00000000000    
      235   -39.0000000000       -13.9285714300        0.00000000000    
      236   -39.0000000000       -16.7142857100        0.00000000000    
      237   -39.0000000000       -19.5000000000        0.00000000000    
      238   -39.0000000000       -22.2857142900        0.00000000000    
      239   -39.0000000000       -25.0714285700        0.00000000000    
      240   -39.0000000000       -27.8571428600        0.00000000000    

   NODE        X                   Y                   Z
      241   -39.0000000000       -30.6428571400        0.00000000000    
      242   -39.0000000000       -33.4285714300        0.00000000000    
      243   -39.0000000000       -36.2142857100        0.00000000000    
      244   -11.1795622800       -11.1795622800        0.00000000000    
      245   -13.1667364000       -13.1667364000        0.00000000000    
      246   -15.1539105200       -15.1539105200        0.00000000000    
      247   -17.1410846500       -17.1410846500        0.00000000000    
      248   -19.1282587700       -19.1282587700        0.00000000000    
      249   -21.1154328900       -21.1154328900        0.00000000000    
      250   -23.1026070200       -23.1026070200        0.00000000000    
      251   -25.0897811400       -25.0897811400        0.00000000000    
      252   -27.0769552600       -27.0769552600        0.00000000000    
      253   -29.0641293900       -29.0641293900        0.00000000000    
      254   -31.0513035100       -31.0513035100        0.00000000000    
      255   -33.0384776300       -33.0384776300        0.00000000000    
      256   -35.0256517500       -35.0256517500        0.00000000000    
      257   -37.0128258800       -37.0128258800        0.00000000000    
      258   -7.21898964700       -10.8113916100        0.00000000000    
      259   -4.96727671100       -12.0135824000        0.00000000000    
      260   -2.52405986100       -12.7526123500        0.00000000000    

   NODE        X                   Y                   Z
      261   -36.2142857100       -39.0000000000        0.00000000000    
      262   -33.4285714300       -39.0000000000        0.00000000000    
      263   -30.6428571400       -39.0000000000        0.00000000000    
      264   -27.8571428600       -39.0000000000        0.00000000000    
      265   -25.0714285700       -39.0000000000        0.00000000000    
      266   -22.2857142900       -39.0000000000        0.00000000000    
      267   -19.5000000000       -39.0000000000        0.00000000000    
      268   -16.7142857100       -39.0000000000        0.00000000000    
      269   -13.9285714300       -39.0000000000        0.00000000000    
      270   -11.1428571400       -39.0000000000        0.00000000000    
      271   -8.35714285700       -39.0000000000        0.00000000000    
      272   -5.57142857100       -39.0000000000        0.00000000000    
      273   -2.78571428600       -39.0000000000        0.00000000000    
      274   -20.2648184700       -29.1304172600        0.00000000000    
      275   -13.7516289500       -27.4968684500        0.00000000000    
      276   -16.1633355500       -27.9385021800        0.00000000000    
      277   -11.0897294000       -27.2786030100        0.00000000000    
      278   -11.6003489500       -24.3428453500        0.00000000000    
      279   -10.8717525600       -30.2439410400        0.00000000000    
      280   -13.4485074500       -30.4060751000        0.00000000000    

   NODE        X                   Y                   Z
      281   -18.3399695000       -28.5117283100        0.00000000000    
      282   -15.9605946500       -30.7178180300        0.00000000000    
      283   -18.4108222200       -31.0545786200        0.00000000000    
      284   -20.8788376600       -30.9575176100        0.00000000000    
      285   -8.62838879400       -24.2653907500        0.00000000000    
      286   -8.34283835900       -27.1972956200        0.00000000000    
      287   -8.18873930100       -30.1999750500        0.00000000000    
      288   -17.0532367000       -25.2291876800        0.00000000000    
      289   -12.0411740300       -21.7857669800        0.00000000000    
      290   -23.2212786200       -30.2201441000        0.00000000000    
      291   -19.3741520100       -26.3519605800        0.00000000000    
      292   -14.4225191400       -24.5221834100        0.00000000000    
      293   -8.22361949000       -33.1832194900        0.00000000000    
      294   -10.9064148000       -33.1939556800        0.00000000000    
      295   -13.5309722400       -33.2841703500        0.00000000000    
      296   -16.1797481000       -33.4865190600        0.00000000000    
      297   -18.8947157500       -33.6178445800        0.00000000000    
      298   -24.4383063200       -32.7756575700        0.00000000000    
      299   -9.90596975800       -18.7554851600        0.00000000000    
      300   -6.11696488500       -20.9798144700        0.00000000000    

   NODE        X                   Y                   Z
      301   -5.73833079700       -24.1522374500        0.00000000000    
      302   -5.56360304900       -27.2046320400        0.00000000000    
      303   -5.51937413200       -33.1960404700        0.00000000000    
      304   -6.98277094800       -17.3982778100        0.00000000000    
      305   -12.1676335200       -19.7465664000        0.00000000000    
      306   -25.2065309000       -28.8441171300        0.00000000000    
      307   -26.9383472600       -31.3802325500        0.00000000000    
      308   -28.4701544600       -34.5944307900        0.00000000000    
      309   -33.6061714700       -36.7540948200        0.00000000000    
      310   -31.2499929300       -35.7717017800        0.00000000000    
      311   -25.1652842200       -35.7005825400        0.00000000000    
      312   -22.1686136200       -36.1411912000        0.00000000000    
      313   -19.2842692500       -36.2548587300        0.00000000000    
      314   -16.4842686600       -36.2340541100        0.00000000000    
      315   -13.7324752200       -36.1770284300        0.00000000000    
      316   -11.0446620000       -36.1215826500        0.00000000000    
      317   -8.29834777400       -36.1162306800        0.00000000000    
      318   -5.55978575600       -36.1191009400        0.00000000000    
      319   -3.27579222100       -18.1472979100        0.00000000000    
      320   -3.14907942600       -21.1322566400        0.00000000000    

   NODE        X                   Y                   Z
      321   -2.90424561100       -24.2340232200        0.00000000000    
      322   -2.79251723100       -27.2820245600        0.00000000000    
      323   -2.76542031100       -30.2689843200        0.00000000000    
      324   -2.76959201000       -33.2075215500        0.00000000000    
      325   -2.79385186600       -36.1167827800        0.00000000000    
      326   -23.2241764100       -26.5649819800        0.00000000000    
      327   -21.0622935900       -24.6262009800        0.00000000000    
      328   -18.6472790400       -22.9132677900        0.00000000000    
      329   -15.8465801000       -21.3523252200        0.00000000000    
      330   -14.3949263100       -18.6138614600        0.00000000000    
      331   -10.1365002200       -15.0147948100        0.00000000000    
      332   -8.59415118900       -12.7804637400        0.00000000000    
      333   -5.74183597100       -14.2746269200        0.00000000000    
      334   -2.83428462500       -15.2356158900        0.00000000000    
      335   -5.50151337000       -30.2223660000        0.00000000000    
      336   -35.6225309100       -37.5938676900        0.00000000000    
      337   -21.4784927400       -27.8735460000        0.00000000000    
      338   -21.6825752300       -33.4543906500        0.00000000000    
      339   -8.89117590900       -21.3972757700        0.00000000000    
      340   -12.2469220800       -16.7229899800        0.00000000000    

   NODE        X                   Y                   Z
      341   -18.4046639400       -12.6152532800        0.00000000000    
      342   -26.7645531700       -11.4057214700        0.00000000000    
      343   -28.0725530600       -14.0858249800        0.00000000000    
      344   -28.1092172000       -16.2841363700        0.00000000000    
      345   -28.1300256600       -18.0767008400        0.00000000000    
      346   -23.6024276400       -11.0327637000        0.00000000000    
      347   -25.1749188500       -14.2387357600        0.00000000000    
      348   -20.7727191300       -10.6852291900        0.00000000000    
      349   -31.1576877200       -21.7290923200        0.00000000000    
      350   -30.3921917800       -19.2997654600        0.00000000000    
      351   -30.8578507400       -16.4410965700        0.00000000000    
      352   -30.5481809900       -13.7198204400        0.00000000000    
      353   -30.0876420700       -11.1100517900        0.00000000000    
      354   -29.9249519100       -8.44295982000        0.00000000000    
      355   -26.9111322700       -8.47516273200        0.00000000000    
      356   -23.8909226400       -8.32831528500        0.00000000000    
      357   -20.7680698400       -8.15240884400        0.00000000000    
      358   -17.4816566400       -8.24609640700        0.00000000000    
      359   -25.1634401600       -16.5608824900        0.00000000000    
      360   -25.9997089800       -18.8118010700        0.00000000000    

   NODE        X                   Y                   Z
      361   -22.8637747700       -13.8367857900        0.00000000000    
      362   -20.4728219100       -13.3184334400        0.00000000000    
      363   -28.7720152700       -22.4549740900        0.00000000000    
      364   -30.7250051700       -24.0770835500        0.00000000000    
      365   -33.1360148200       -24.8711642300        0.00000000000    
      366   -33.5562949000       -22.0575480400        0.00000000000    
      367   -33.4884791500       -19.3061145300        0.00000000000    
      368   -33.4374076300       -16.5819257200        0.00000000000    
      369   -33.3546574800       -13.7857534600        0.00000000000    
      370   -33.1231232700       -11.0601676300        0.00000000000    
      371   -33.0133366600       -8.36449194400        0.00000000000    
      372   -32.9803399100       -5.64926353900        0.00000000000    
      373   -29.9893690700       -5.67167856800        0.00000000000    
      374   -27.0196074800       -5.65861766900        0.00000000000    
      375   -23.9987379500       -5.61685460500        0.00000000000    
      376   -20.9045033800       -5.57630064200        0.00000000000    
      377   -17.6959559500       -5.66584108200        0.00000000000    
      378   -13.8684617500       -8.77184997200        0.00000000000    
      379   -17.8432765000       -10.5964326300        0.00000000000    
      380   -16.9026519100       -13.7639477100        0.00000000000    

   NODE        X                   Y                   Z
      381   -15.2357787500       -11.4542715700        0.00000000000    
      382   -21.8872969400       -17.0818421600        0.00000000000    
      383   -23.4480090600       -19.7016571700        0.00000000000    
      384   -25.1513380300       -21.8105870100        0.00000000000    
      385   -27.0200524500       -23.8197333200        0.00000000000    
      386   -29.1352496700       -25.7047824200        0.00000000000    
      387   -31.6299570800       -27.2832018700        0.00000000000    
      388   -36.7411789800       -33.5722089100        0.00000000000    
      389   -35.7858538000       -31.2471055600        0.00000000000    
      390   -34.7493427300       -28.6106945100        0.00000000000    
      391   -35.8924127900       -25.3233306700        0.00000000000    
      392   -36.1810413600       -22.3238889800        0.00000000000    
      393   -36.2488884100       -19.4491169100        0.00000000000    
      394   -36.2166163800       -16.6440201400        0.00000000000    
      395   -36.1617946100       -13.8654641800        0.00000000000    
      396   -36.1043508300       -11.1080193400        0.00000000000    
      397   -36.0223657400       -8.35995148300        0.00000000000    
      398   -35.9975282700       -5.60094833100        0.00000000000    
      399   -36.0239141800       -2.80359932200        0.00000000000    
      400   -33.0823433000       -2.85138021200        0.00000000000    

   NODE        X                   Y                   Z
      401   -30.1438223000       -2.84812727500        0.00000000000    
      402   -27.1904278100       -2.85253964700        0.00000000000    
      403   -24.2244040700       -2.84798299500        0.00000000000    
      404   -21.2408966400       -2.86026284100        0.00000000000    
      405   -15.2994183700       -2.71818259000        0.00000000000    
      406   -14.6280947600       -5.50402455400        0.00000000000    
      407   -37.5900070600       -35.6131721000        0.00000000000    
      408   -19.1966398800       -15.5168614600        0.00000000000    
      409   -18.2541513800       -2.84447793900        0.00000000000    
      410   -27.5316003300       -20.6838120200        0.00000000000    
      411    14.4845851900       -27.1311689400        0.00000000000    
      412    11.9657806700       -26.5578448700        0.00000000000    
      413    16.7685682900       -27.8920768300        0.00000000000    
      414    18.6424323900       -28.6114413400        0.00000000000    
      415    19.0080452200       -30.7099239200        0.00000000000    
      416    16.4549494400       -30.6264523000        0.00000000000    
      417    13.9698718600       -30.1946359400        0.00000000000    
      418    11.4074063200       -29.8325466900        0.00000000000    
      419    8.74623633600       -29.6445693400        0.00000000000    
      420    9.27046050100       -26.2890509300        0.00000000000    

   NODE        X                   Y                   Z
      421    10.1273999100       -22.7462531400        0.00000000000    
      422    11.4939378200       -18.6573489700        0.00000000000    
      423    17.9502227400       -25.4521047600        0.00000000000    
      424    21.4546233100       -29.8661299000        0.00000000000    
      425    15.5560139200       -24.2042666800        0.00000000000    
      426    12.9432183000       -23.2020197500        0.00000000000    
      427    22.0386617100       -32.7821384300        0.00000000000    
      428    19.3235591600       -33.2653783100        0.00000000000    
      429    16.5771570600       -33.3451672900        0.00000000000    
      430    13.8770735100       -33.1979159300        0.00000000000    
      431    11.1902632500       -32.9735086700        0.00000000000    
      432    8.48444042700       -32.8616526200        0.00000000000    
      433    5.73881061900       -32.8441322500        0.00000000000    
      434    5.95999117100       -29.6777785300        0.00000000000    
      435    6.36067850700       -26.4038840900        0.00000000000    
      436    6.96009276700       -23.0657922200        0.00000000000    
      437    7.26774918600       -19.9572152200        0.00000000000    
      438    5.85263283300       -14.3356412800        0.00000000000    
      439    6.82847731400       -17.1074032000        0.00000000000    
      440    10.1375537700       -15.5749156900        0.00000000000    

   NODE        X                   Y                   Z
      441    14.6112155500       -19.9968081400        0.00000000000    
      442    17.1198743100       -21.5539022100        0.00000000000    
      443    19.4728746700       -23.3268243300        0.00000000000    
      444    21.6699148900       -25.4739956900        0.00000000000    
      445    23.7212935100       -28.3412489900        0.00000000000    
      446    24.6278439700       -32.2841863500        0.00000000000    
      447    26.0197441000       -28.9576585200        0.00000000000    
      448    27.1122458100       -31.3668213400        0.00000000000    
      449    33.5774483700       -36.7423077400        0.00000000000    
      450    31.2412598600       -35.7689692500        0.00000000000    
      451    28.5217957000       -34.6233009600        0.00000000000    
      452    25.2234718000       -35.5573767400        0.00000000000    
      453    22.3044236000       -35.8794908200        0.00000000000    
      454    19.4968207000       -36.0632198400        0.00000000000    
      455    16.6974758500       -36.1380907000        0.00000000000    
      456    13.8940903300       -36.1000099100        0.00000000000    
      457    11.1351514900       -36.0273427600        0.00000000000    
      458    8.37776370700       -35.9735682300        0.00000000000    
      459    5.61344520600       -35.9662524400        0.00000000000    
      460    2.83557977700       -36.0038090700        0.00000000000    

   NODE        X                   Y                   Z
      461    2.90738354300       -32.9721391600        0.00000000000    
      462    3.03235908100       -29.9265308200        0.00000000000    
      463    3.22940017600       -26.8621179700        0.00000000000    
      464    3.46159423100       -23.8452940700        0.00000000000    
      465    3.55060299600       -20.9213586200        0.00000000000    
      466    2.92507278500       -15.2714465900        0.00000000000    
      467    8.59924781600       -12.9927651600        0.00000000000    
      468    35.6075116800       -37.5876287400        0.00000000000    
      469    3.37832611900       -18.0914252300        0.00000000000    
      470    20.1300441900       -27.2634952500        0.00000000000    
      471   -4.85089977100        4.27411066300        0.00000000000    
      472   -5.50859290500        1.62102550800        0.00000000000    
      473   -2.43144178700        4.51637262400        0.00000000000    
      474   -2.69250578400        1.69784465600        0.00000000000    
      475   -9.81792905700        1.12593219400        0.00000000000    
      476   -8.04978939900        2.44375985400        0.00000000000    
      477   -7.17638391000        4.93032265100        0.00000000000    
      478   -6.37640766800        6.69434584500        0.00000000000    
      479   -4.57587027300        6.83238217800        0.00000000000    
      480   -2.45918228000        7.34098158900        0.00000000000    

   NODE        X                   Y                   Z
      481    31.8637789800        35.9689159800        0.00000000000    
      482    14.1816656500        28.9977631300        0.00000000000    
      483    11.7387093700        28.4070598400        0.00000000000    
      484    11.2214578000        25.4625481400        0.00000000000    
      485    11.5500479500        23.4119084500        0.00000000000    
      486    13.1537291800        26.0933884900        0.00000000000    
      487    15.4447357600        26.9800181600        0.00000000000    
      488    17.5092297100        28.1724723900        0.00000000000    
      489    12.1338062600        21.3306759200        0.00000000000    
      490    8.89333434000        21.0983803800        0.00000000000    
      491    8.60367197300        23.9064058300        0.00000000000    
      492    8.93925124200        27.1145081100        0.00000000000    
      493    8.43491782400        30.3572669200        0.00000000000    
      494    11.0416045000        30.8195513800        0.00000000000    
      495    13.5522772100        31.3712976200        0.00000000000    
      496    16.3629570700        30.8482636600        0.00000000000    
      497    18.7147343500        31.4030863400        0.00000000000    
      498    19.5760173400        29.2992818300        0.00000000000    
      499    14.5240852800        23.6975414800        0.00000000000    
      500    16.9174500000        24.7450861500        0.00000000000    

   NODE        X                   Y                   Z
      501    19.0851356000        26.1527888300        0.00000000000    
      502    23.1116826700        30.0678590400        0.00000000000    
      503    21.2074913600        31.1539949000        0.00000000000    
      504    29.8759484400        35.0953415900        0.00000000000    
      505    27.5611911700        34.0966083400        0.00000000000    
      506    24.7769772000        32.8682232600        0.00000000000    
      507    21.7618451000        33.4275081300        0.00000000000    
      508    19.0426152000        33.7670142200        0.00000000000    
      509    16.3593504100        33.7212429100        0.00000000000    
      510    13.7235198200        33.7008318400        0.00000000000    
      511    10.9665035800        33.5574917300        0.00000000000    
      512    8.29099073400        33.3171849200        0.00000000000    
      513    9.91440371700        18.5731614800        0.00000000000    
      514    6.90895837200        17.2987926600        0.00000000000    
      515    6.11566491000        20.8773394300        0.00000000000    
      516    5.85428066600        24.1398442800        0.00000000000    
      517    5.84577470700        27.2015786500        0.00000000000    
      518    5.72230599300        30.2055506300        0.00000000000    
      519    5.58128618400        33.2179020900        0.00000000000    
      520    12.2231732400        19.4904234600        0.00000000000    

   NODE        X                   Y                   Z
      521    3.24065607300        18.1216090900        0.00000000000    
      522    3.17753890100        21.1244752300        0.00000000000    
      523    2.97820368300        24.2647066800        0.00000000000    
      524    2.91755528800        27.3126574400        0.00000000000    
      525    2.87352327500        30.2498280400        0.00000000000    
      526    2.81474706100        33.2119266000        0.00000000000    
      527    2.78045366200        36.1073589700        0.00000000000    
      528    5.54439255300        36.1265806400        0.00000000000    
      529    8.30110621300        36.1847051500        0.00000000000    
      530    11.0576449600        36.2589823600        0.00000000000    
      531    13.7921432600        36.3458513400        0.00000000000    
      532    16.5577827400        36.3793042300        0.00000000000    
      533    19.3366198400        36.3418159000        0.00000000000    
      534    22.1152409200        36.1654888500        0.00000000000    
      535    24.7234926500        36.0993352500        0.00000000000    
      536    27.2613253500        36.4464932900        0.00000000000    
      537    29.8466664100        37.0169061700        0.00000000000    
      538    32.4474403400        37.3422575500        0.00000000000    
      539    33.2450336000        35.4431174500        0.00000000000    
      540    31.1248273800        33.7558246000        0.00000000000    

   NODE        X                   Y                   Z
      541    28.8142474700        32.1483003500        0.00000000000    
      542    26.8256694200        30.5354627700        0.00000000000    
      543    25.0077985300        28.6365920700        0.00000000000    
      544    23.0222285900        26.3996941100        0.00000000000    
      545    20.9740169400        24.4986704600        0.00000000000    
      546    18.6949771100        22.6874675100        0.00000000000    
      547    15.9538313600        21.0033638300        0.00000000000    
      548    14.4520920400        18.4598161600        0.00000000000    
      549    10.1394459200        14.9476350700        0.00000000000    
      550    8.59080903500        12.7541257000        0.00000000000    
      551    5.75752561100        14.2427303300        0.00000000000    
      552    2.84925623600        15.2058331900        0.00000000000    
      553    34.9283169000        37.2949423400        0.00000000000    
      554    21.1322821100        27.7127870500        0.00000000000    
      555    12.2446784900        16.6274141500        0.00000000000    
      556    36.0045734600       -31.8901406900        0.00000000000    
      557    29.3832137400       -16.8316024100        0.00000000000    
      558    28.7232747000       -14.2962502300        0.00000000000    
      559    27.3160299800       -11.5374971900        0.00000000000    
      560    27.9692522200       -19.2648686100        0.00000000000    

   NODE        X                   Y                   Z
      561    29.5549306900       -19.4167879800        0.00000000000    
      562    24.0561819900       -11.4104946200        0.00000000000    
      563    25.7459870700       -13.7326760100        0.00000000000    
      564    26.4867284200       -15.4401002300        0.00000000000    
      565    27.1927124000       -17.3744021500        0.00000000000    
      566    21.4121959400       -11.6736724800        0.00000000000    
      567    18.8961182400       -8.49272033200        0.00000000000    
      568    24.4408245400       -8.56469123600        0.00000000000    
      569    27.3455255100       -8.53775107900        0.00000000000    
      570    30.3215038000       -8.41856682900        0.00000000000    
      571    30.5122561000       -11.1335597200        0.00000000000    
      572    31.0355921600       -13.8144845900        0.00000000000    
      573    31.5478129100       -16.6709684900        0.00000000000    
      574    31.6463450500       -19.5781726800        0.00000000000    
      575    23.5945988500       -14.1955522000        0.00000000000    
      576    24.2682596100       -16.8410852400        0.00000000000    
      577    25.5126576400       -18.9758922400        0.00000000000    
      578    29.1775591900       -22.1800990100        0.00000000000    
      579    31.3422418600       -22.6070935800        0.00000000000    
      580    35.1721458500       -29.9189105200        0.00000000000    

   NODE        X                   Y                   Z
      581    34.3309338000       -27.6690693700        0.00000000000    
      582    33.7624399900       -25.1744153600        0.00000000000    
      583    33.7492861400       -22.4937270900        0.00000000000    
      584    33.9521789500       -19.5747355400        0.00000000000    
      585    33.8708306200       -16.6450058300        0.00000000000    
      586    33.6365794300       -13.7966194200        0.00000000000    
      587    33.4196545500       -11.0288148300        0.00000000000    
      588    33.2966051000       -8.31719572900        0.00000000000    
      589    16.3887665000       -9.07585100000        0.00000000000    
      590    18.4298758700       -5.76179010100        0.00000000000    
      591    21.5346720900       -5.65967390200        0.00000000000    
      592    24.4834943600       -5.67715961800        0.00000000000    
      593    27.4124363800       -5.67062472000        0.00000000000    
      594    33.2374579100       -5.57517281300        0.00000000000    
      595    19.1635622100       -11.4892875300        0.00000000000    
      596    17.3044472000       -11.1757152800        0.00000000000    
      597    18.4466592800       -2.98571031900        0.00000000000    
      598    21.5266419200       -2.84297943900        0.00000000000    
      599    24.5173167000       -2.82676423300        0.00000000000    
      600    27.4438678000       -2.82594021700        0.00000000000    

   NODE        X                   Y                   Z
      601    30.3495728700       -2.80559762200        0.00000000000    
      602    33.2441437400       -2.80274258700        0.00000000000    
      603    36.1163444100       -2.79603516400        0.00000000000    
      604    36.1262715000       -5.58251230300        0.00000000000    
      605    36.1740336700       -8.32205885100        0.00000000000    
      606    36.2263314800       -11.0884614800        0.00000000000    
      607    36.2909232400       -13.8606888200        0.00000000000    
      608    36.3771055600       -16.6762930700        0.00000000000    
      609    36.4157127400       -19.5113043100        0.00000000000    
      610    36.3736727100       -22.2683395600        0.00000000000    
      611    36.4577340000       -24.9317484200        0.00000000000    
      612    36.7116528500       -27.4623032700        0.00000000000    
      613    37.1139427900       -29.9529388200        0.00000000000    
      614    37.3837190000       -32.4944602100        0.00000000000    
      615    35.4770785100       -33.2703397000        0.00000000000    
      616    33.8324791100       -31.1822971800        0.00000000000    
      617    32.3399343000       -28.8484990100        0.00000000000    
      618    30.8278571900       -26.0418644000        0.00000000000    
      619    28.3178094400       -24.6860894100        0.00000000000    
      620    26.1074321400       -22.8916840400        0.00000000000    

   NODE        X                   Y                   Z
      621    24.2031137900       -20.9142444600        0.00000000000    
      622    22.4589093400       -18.5594209400        0.00000000000    
      623    20.9139227600       -15.5656922700        0.00000000000    
      624    18.4941334400       -14.5251135300        0.00000000000    
      625    14.5306872100       -10.8850771100        0.00000000000    
      626    12.7251865600       -9.11064269800        0.00000000000    
      627    14.9750639100       -6.42119415000        0.00000000000    
      628    15.4615632600       -2.81031737200        0.00000000000    
      629    30.3160650200       -5.62583702600        0.00000000000    
      630    37.3095388200       -34.9522580400        0.00000000000    
      631    27.0342732500       -20.8206166400        0.00000000000    
      632    21.5999010000       -8.54179122700        0.00000000000    
      633    16.3004411000       -12.9458633600        0.00000000000    
      634    6.71971699300       -6.82700720600        0.00000000000    
      635    8.74422682500       -5.36052469800        0.00000000000    
      636    5.47142550900       -9.63117811100        0.00000000000    
      637    2.88513473400       -9.51749508600        0.00000000000    
      638    3.05294151800       -6.78190330700        0.00000000000    
      639    3.00308537800       -3.97827356600        0.00000000000    
      640    5.78365476300       -3.76846846100        0.00000000000    

   NODE        X                   Y                   Z
      641    8.49105142400       -3.41065773000        0.00000000000    
      642   -6.04351740700       -6.41635008100        0.00000000000    
      643   -4.34064524400       -6.43476472100        0.00000000000    
      644   -4.51876844200       -9.21984214000        0.00000000000    
      645   -6.41171707100       -8.59696869100        0.00000000000    
      646   -7.88565557100       -7.73909420300        0.00000000000    
      647   -7.85793011800       -6.19588325900        0.00000000000    
      648   -7.39135239500       -4.13578015000        0.00000000000    
      649   -2.51040283300       -3.73364519700        0.00000000000    
      650   -2.24448697200       -6.68076130700        0.00000000000    
      651   -2.31147364900       -9.66694512600        0.00000000000    
      652   -5.06569664600       -3.60364594900        0.00000000000    
      653   -14.4846109200        27.1311563300        0.00000000000    
      654   -11.9658105500        26.5578294400        0.00000000000    
      655   -16.7685855900        27.8920696300        0.00000000000    
      656   -18.6424453300        28.6114371800        0.00000000000    
      657   -19.0080540400        30.7099205500        0.00000000000    
      658   -16.4549596000        30.6264460100        0.00000000000    
      659   -13.9698817400        30.1946254300        0.00000000000    
      660   -11.4074257100        29.8325269300        0.00000000000    

   NODE        X                   Y                   Z
      661   -8.74625326100        29.6445572700        0.00000000000    
      662   -9.27048469500        26.2890423000        0.00000000000    
      663   -10.1274283800        22.7462521700        0.00000000000    
      664   -11.4939617100        18.6573607300        0.00000000000    
      665   -17.9502441700        25.4520977800        0.00000000000    
      666   -21.4546310500        29.8661264400        0.00000000000    
      667   -15.5560485100        24.2042503300        0.00000000000    
      668   -12.9432601800        23.2020058300        0.00000000000    
      669   -22.0386663800        32.7821338000        0.00000000000    
      670   -19.3235650600        33.2653758600        0.00000000000    
      671   -16.5771621200        33.3451638100        0.00000000000    
      672   -13.8770768100        33.1979109200        0.00000000000    
      673   -11.1902701700        32.9734982600        0.00000000000    
      674   -8.48444890500        32.8616412800        0.00000000000    
      675   -5.73881740900        32.8441262200        0.00000000000    
      676   -5.96000272500        29.6777723700        0.00000000000    
      677   -6.36069392300        26.4038839100        0.00000000000    
      678   -6.96010963300        23.0658032800        0.00000000000    
      679   -7.26777087600        19.9572455500        0.00000000000    
      680   -5.85277880900        14.3357472300        0.00000000000    

   NODE        X                   Y                   Z
      681   -6.82853796100        17.1074561700        0.00000000000    
      682   -10.1376042300        15.5749638000        0.00000000000    
      683   -14.6112465500        19.9967945500        0.00000000000    
      684   -17.1198937200        21.5538965100        0.00000000000    
      685   -19.4728899200        23.3268232300        0.00000000000    
      686   -21.6699229900        25.4739952500        0.00000000000    
      687   -23.7212986600        28.3412455800        0.00000000000    
      688   -24.6278482500        32.2841748900        0.00000000000    
      689   -26.0197466200        28.9576541200        0.00000000000    
      690   -27.1122482900        31.3668153800        0.00000000000    
      691   -33.5774481700        36.7423076400        0.00000000000    
      692   -31.2412593200        35.7689686700        0.00000000000    
      693   -28.5217958700        34.6232941500        0.00000000000    
      694   -25.2234748200        35.5573594800        0.00000000000    
      695   -22.3044272000        35.8794870600        0.00000000000    
      696   -19.4968236600        36.0632175700        0.00000000000    
      697   -16.6974759700        36.1380905400        0.00000000000    
      698   -13.8940912500        36.1000072800        0.00000000000    
      699   -11.1351530100        36.0273382700        0.00000000000    
      700   -8.37776576400        35.9735630000        0.00000000000    

   NODE        X                   Y                   Z
      701   -5.61344713000        35.9662483000        0.00000000000    
      702   -2.83558161200        36.0038067100        0.00000000000    
      703   -2.90738717000        32.9721360200        0.00000000000    
      704   -3.03236511900        29.9265280800        0.00000000000    
      705   -3.22940892800        26.8621178100        0.00000000000    
      706   -3.46160227900        23.8453013200        0.00000000000    
      707   -3.55061060300        20.9213806900        0.00000000000    
      708   -2.92514197900        15.2715725400        0.00000000000    
      709   -8.59949301200        12.9927989700        0.00000000000    
      710   -35.6075116200        37.5876287100        0.00000000000    
      711   -3.37834909700        18.0914703900        0.00000000000    
      712   -20.1300564900        27.2634949600        0.00000000000    
      713    5.77226698200        5.78643257000        0.00000000000    
      714    8.63859035800        4.52227670300        0.00000000000    
      715    5.75851986000        2.12882942900        0.00000000000    
      716    4.34162638200        7.84967537400        0.00000000000    
      717    2.74752873500        4.85858196900        0.00000000000    
      718    2.34537883800        7.65864150700        0.00000000000    
      719    2.96837387500        2.05679725500        0.00000000000    
      720    8.52380881800        1.95930118200        0.00000000000    

   NODE        X                   Y                   Z
      721    18.4046371700        12.6152351500        0.00000000000    
      722    26.7645468000        11.4057197200        0.00000000000    
      723    28.0725529500        14.0858249600        0.00000000000    
      724    28.1092167200        16.2841361300        0.00000000000    
      725    28.1300250200        18.0767004200        0.00000000000    
      726    23.6024099000        11.0327584000        0.00000000000    
      727    25.1749147900        14.2387335100        0.00000000000    
      728    20.7726832400        10.6852146700        0.00000000000    
      729    31.1576876900        21.7290922900        0.00000000000    
      730    30.3921917100        19.2997654200        0.00000000000    
      731    30.8578505500        16.4410965200        0.00000000000    
      732    30.5481809800        13.7198204000        0.00000000000    
      733    30.0876400900        11.1100512700        0.00000000000    
      734    29.9249482600        8.44295945200        0.00000000000    
      735    26.9111222300        8.47516147000        0.00000000000    
      736    23.8909039900        8.32831182600        0.00000000000    
      737    20.7680377300        8.15240103500        0.00000000000    
      738    17.4815860500        8.24605946400        0.00000000000    
      739    25.1634378200        16.5608809300        0.00000000000    
      740    25.9997086700        18.8118007100        0.00000000000    

   NODE        X                   Y                   Z
      741    22.8637625800        13.8367788100        0.00000000000    
      742    20.4728015800        13.3184192400        0.00000000000    
      743    28.7720152400        22.4549740600        0.00000000000    
      744    30.7250051600        24.0770835400        0.00000000000    
      745    33.1360148200        24.8711642300        0.00000000000    
      746    33.5562948900        22.0575480200        0.00000000000    
      747    33.4884791300        19.3061145200        0.00000000000    
      748    33.4374075700        16.5819257000        0.00000000000    
      749    33.3546574500        13.7857534200        0.00000000000    
      750    33.1231231600        11.0601675800        0.00000000000    
      751    33.0133352000        8.36449183200        0.00000000000    
      752    32.9803396500        5.64926351100        0.00000000000    
      753    29.9893664500        5.67167861300        0.00000000000    
      754    27.0195993100        5.65861745800        0.00000000000    
      755    23.9987228800        5.61685335000        0.00000000000    
      756    20.9044799700        5.57629577600        0.00000000000    
      757    17.6959419900        5.66584275500        0.00000000000    
      758    13.8682754200        8.77172204200        0.00000000000    
      759    17.8432083500        10.5963923900        0.00000000000    
      760    16.9026352000        13.7639322500        0.00000000000    

   NODE        X                   Y                   Z
      761    15.2357274500        11.4542202700        0.00000000000    
      762    21.8872944600        17.0818392600        0.00000000000    
      763    23.4480087900        19.7016568000        0.00000000000    
      764    25.1513379200        21.8105868500        0.00000000000    
      765    27.0200524100        23.8197332700        0.00000000000    
      766    29.1352496700        25.7047824200        0.00000000000    
      767    31.6299570800        27.2832018700        0.00000000000    
      768    36.7411789800        33.5722089100        0.00000000000    
      769    35.7858538000        31.2471055600        0.00000000000    
      770    34.7493427300        28.6106945100        0.00000000000    
      771    35.8924127900        25.3233306700        0.00000000000    
      772    36.1810413600        22.3238889800        0.00000000000    
      773    36.2488884100        19.4491169000        0.00000000000    
      774    36.2166163700        16.6440201300        0.00000000000    
      775    36.1617945800        13.8654641600        0.00000000000    
      776    36.1043508200        11.1080193300        0.00000000000    
      777    36.0223657100        8.35995147000        0.00000000000    
      778    35.9975282100        5.60094831900        0.00000000000    
      779    36.0239141800        2.80359932200        0.00000000000    
      780    33.0823430700        2.85138022800        0.00000000000    

   NODE        X                   Y                   Z
      781    30.1438203600        2.84812758700        0.00000000000    
      782    27.1904234700        2.85254006800        0.00000000000    
      783    24.2243952500        2.84798317400        0.00000000000    
      784    21.2408766000        2.86026186400        0.00000000000    
      785    15.2994941600        2.71817805300        0.00000000000    
      786    14.6281555700        5.50383146900        0.00000000000    
      787    37.5900070600        35.6131721000        0.00000000000    
      788    19.1966325300        15.5168537300        0.00000000000    
      789    18.2540800400        2.84449518600        0.00000000000    
      790    27.5316001700        20.6838118600        0.00000000000    
      791   -35.9688943300        31.8637399600        0.00000000000    
      792   -28.9977558100        14.1816615200        0.00000000000    
      793   -28.4070568600        11.7387066700        0.00000000000    
      794   -25.4625464600        11.2214551600        0.00000000000    
      795   -23.4119071000        11.5500456100        0.00000000000    
      796   -26.0933840900        13.1537249600        0.00000000000    
      797   -26.9800088800        15.4447298900        0.00000000000    
      798   -28.1724560600        17.5092224100        0.00000000000    
      799   -21.3306776500        12.1338077500        0.00000000000    
      800   -21.0983925100        8.89333598500        0.00000000000    

   NODE        X                   Y                   Z
      801   -23.9064067500        8.60367117800        0.00000000000    
      802   -27.1145078500        8.93925040700        0.00000000000    
      803   -30.3572669600        8.43491770400        0.00000000000    
      804   -30.8195493200        11.0416035700        0.00000000000    
      805   -31.3712919300        13.5522756700        0.00000000000    
      806   -30.8482519100        16.3629520800        0.00000000000    
      807   -31.4030637200        18.7147262100        0.00000000000    
      808   -29.2992589100        19.5760086600        0.00000000000    
      809   -23.6975369500        14.5240811300        0.00000000000    
      810   -24.7450770800        16.9174443400        0.00000000000    
      811   -26.1527729100        19.0851274500        0.00000000000    
      812   -30.0678350500        23.1116697200        0.00000000000    
      813   -31.1539645000        21.2074774600        0.00000000000    
      814   -35.0953159700        29.8759053700        0.00000000000    
      815   -34.0965882800        27.5611652300        0.00000000000    
      816   -32.8682027500        24.7769562500        0.00000000000    
      817   -33.4274799000        21.7618292700        0.00000000000    
      818   -33.7669983500        19.0426086000        0.00000000000    
      819   -33.7212330400        16.3593484400        0.00000000000    
      820   -33.7008269900        13.7235201900        0.00000000000    

   NODE        X                   Y                   Z
      821   -33.5574902600        10.9665042600        0.00000000000    
      822   -33.3171846900        8.29099091200        0.00000000000    
      823   -18.5731772100        9.91441226500        0.00000000000    
      824   -17.2988423900        6.90895966000        0.00000000000    
      825   -20.8773582700        6.11566437300        0.00000000000    
      826   -24.1398461800        5.85428016900        0.00000000000    
      827   -27.2015783100        5.84577446000        0.00000000000    
      828   -30.2055505000        5.72230582100        0.00000000000    
      829   -33.2179021000        5.58128618400        0.00000000000    
      830   -19.4904258500        12.2231743500        0.00000000000    
      831   -18.1216412300        3.24064771100        0.00000000000    
      832   -21.1244903500        3.17753584500        0.00000000000    
      833   -24.2647079100        2.97820320700        0.00000000000    
      834   -27.3126569000        2.91755525300        0.00000000000    
      835   -30.2498278800        2.87352322200        0.00000000000    
      836   -33.2119266100        2.81474704400        0.00000000000    
      837   -36.1073589700        2.78045369400        0.00000000000    
      838   -36.1265806000        5.54439268300        0.00000000000    
      839   -36.1847050100        8.30110659800        0.00000000000    
      840   -36.2589814000        11.0576458600        0.00000000000    

   NODE        X                   Y                   Z
      841   -36.3458488900        13.7921438200        0.00000000000    
      842   -36.3792995800        16.5577824000        0.00000000000    
      843   -36.3418078000        19.3366170700        0.00000000000    
      844   -36.1654778300        22.1152329000        0.00000000000    
      845   -36.0993228500        24.7234777700        0.00000000000    
      846   -36.4464813200        27.2613047800        0.00000000000    
      847   -37.0168932900        29.8466372100        0.00000000000    
      848   -37.3422289300        32.4473787600        0.00000000000    
      849   -35.4430917700        33.2449866600        0.00000000000    
      850   -33.7558054200        31.1248007700        0.00000000000    
      851   -32.1482727200        28.8142198000        0.00000000000    
      852   -30.5354396800        26.8256519300        0.00000000000    
      853   -28.6365770800        25.0077888300        0.00000000000    
      854   -26.3996776600        23.0222229100        0.00000000000    
      855   -24.4986592100        20.9740125500        0.00000000000    
      856   -22.6874610300        18.6949735200        0.00000000000    
      857   -21.0033610200        15.9538294400        0.00000000000    
      858   -18.4598160300        14.4520924400        0.00000000000    
      859   -14.9476605400        10.1394507700        0.00000000000    
      860   -12.7541892100        8.59076227600        0.00000000000    

   NODE        X                   Y                   Z
      861   -14.2428690000        5.75748725700        0.00000000000    
      862   -15.2059270500        2.84919514700        0.00000000000    
      863   -37.2949312600        34.9282909900        0.00000000000    
      864   -27.7127576300        21.1322733700        0.00000000000    
      865   -16.6274260300        12.2446911500        0.00000000000    

