
 LIST ALL SELECTED ELEMENTS.  (LIST NODES)
 
    ELEM MAT TYP REL ESY SEC        NODES
 
       1   1   1   2   0   0     22   714    21    21
       2   1   1   2   0   0    647   642   648   648
       3   1   1   2   0   0     37    38   636   636
       4   1   1   2   0   0     10   476   475   475
       5   1   2   2   0   0    716   718   717   713
       6   1   2   2   0   0    717   719   715   713
       7   1   2   2   0   0    715   720   714   713
       8   1   2   2   0   0    714    22    23   713
       9   1   2   2   0   0    713    23    24   716
      10   1   2   2   0   0    720    20    21   714
      11   1   2   2   0   0    720    19    16    20
      12   1   2   2   0   0    715    18    19   720
      13   1   2   2   0   0    719    17    18   715
      14   1   2   2   0   0    716    24    25   718
      15   1   2   2   0   0    719    13     9    17
      16   1   2   2   0   0    717    14    13   719
      17   1   2   2   0   0    718    15    14   717
      18   1   2   2   0   0    718    25     1    15
      19   1   2   2   0   0    642   643   652   648
      20   1   2   2   0   0    642   645   644   643
 
    ELEM MAT TYP REL ESY SEC        NODES
 
      21   1   2   2   0   0    642   647   646   645
      22   1   2   2   0   0    643   650   649   652
      23   1   2   2   0   0    643   644   651   650
      24   1   2   2   0   0    644    31    32   651
      25   1   2   2   0   0    645    30    31   644
      26   1   2   2   0   0    646    29    30   645
      27   1   2   2   0   0    646   647    28    29
      28   1   2   2   0   0    648    27    28   647
      29   1   2   2   0   0    648    10     2    27
      30   1   2   2   0   0    652    11    10   648
      31   1   2   2   0   0    649    12    11   652
      32   1   2   2   0   0    649    35     9    12
      33   1   2   2   0   0    650    34    35   649
      34   1   2   2   0   0    651    33    34   650
      35   1   2   2   0   0    651    32    26    33
      36   1   2   2   0   0    640   634   635   641
      37   1   2   2   0   0    634   638   637   636
      38   1   2   2   0   0    634   640   639   638
      39   1   2   2   0   0    636    38    39   634
      40   1   2   2   0   0    634    39    40   635
 
    ELEM MAT TYP REL ESY SEC        NODES
 
      41   1   2   2   0   0    635    40    41   641
      42   1   2   2   0   0    637    36    37   636
      43   1   2   2   0   0    637    33    26    36
      44   1   2   2   0   0    638    34    33   637
      45   1   2   2   0   0    639    35    34   638
      46   1   2   2   0   0    639    17     9    35
      47   1   2   2   0   0    640    18    17   639
      48   1   2   2   0   0    641    19    18   640
      49   1   2   2   0   0    641    41    16    19
      50   1   2   2   0   0    478   477   471   479
      51   1   2   2   0   0    477   476   472   471
      52   1   2   2   0   0    471   472   474   473
      53   1   2   2   0   0    473   480   479   471
      54   1   2   2   0   0    476    10    11   472
      55   1   2   2   0   0    472    11    12   474
      56   1   2   2   0   0    473    14    15   480
      57   1   2   2   0   0    474    13    14   473
      58   1   2   2   0   0     12     9    13   474
      59   1   2   2   0   0    475     8     2    10
      60   1   2   2   0   0    475   476     7     8
 
    ELEM MAT TYP REL ESY SEC        NODES
 
      61   1   2   2   0   0    477     6     7   476
      62   1   2   2   0   0    478     5     6   477
      63   1   2   2   0   0    479     4     5   478
      64   1   2   2   0   0    480     3     4   479
      65   1   2   2   0   0     15     1     3   480
      66   1   1   3   0   0    807   808   813   813
      67   1   1   3   0   0    805   792   806   806
      68   1   1   3   0   0    744   743   729   729
      69   1   1   3   0   0    723   727   722   722
      70   1   1   3   0   0    497   498   503   503
      71   1   1   3   0   0    495   482   496   496
      72   1   1   3   0   0    364   363   349   349
      73   1   1   3   0   0    343   347   342   342
      74   1   2   3   0   0    852   816   812   853
      75   1   2   3   0   0    816   817   813   812
      76   1   2   3   0   0    848   847   814   791
      77   1   2   3   0   0    848   791   849   863
      78   1   2   3   0   0    814   850   849   791
      79   1   2   3   0   0    795   799   857   809
      80   1   2   3   0   0    799   830   858   857
 
    ELEM MAT TYP REL ESY SEC        NODES
 
      81   1   2   3   0   0    830   823   865   858
      82   1   2   3   0   0    859   865   823   824
      83   1   2   3   0   0    824   861   860   859
      84   1   2   3   0   0    805   804   793   792
      85   1   2   3   0   0    807   806   798   808
      86   1   2   3   0   0    792   797   798   806
      87   1   2   3   0   0    793   796   797   792
      88   1   2   3   0   0    793   802   794   796
      89   1   2   3   0   0    804   803   802   793
      90   1   2   3   0   0    802   801   795   794
      91   1   2   3   0   0    795   809   796   794
      92   1   2   3   0   0    801   800   799   795
      93   1   2   3   0   0    796   809   810   797
      94   1   2   3   0   0    797   810   811   798
      95   1   2   3   0   0    798   811   864   808
      96   1   2   3   0   0    799   800   823   830
      97   1   2   3   0   0    800   825   824   823
      98   1   2   3   0   0    801   826   825   800
      99   1   2   3   0   0    802   827   826   801
     100   1   2   3   0   0    803   828   827   802
 
    ELEM MAT TYP REL ESY SEC        NODES
 
     101   1   2   3   0   0    803   822   829   828
     102   1   2   3   0   0    804   821   822   803
     103   1   2   3   0   0    805   820   821   804
     104   1   2   3   0   0    806   819   820   805
     105   1   2   3   0   0    807   818   819   806
     106   1   2   3   0   0    813   817   818   807
     107   1   2   3   0   0    808   864   812   813
     108   1   2   3   0   0    809   857   856   810
     109   1   2   3   0   0    810   856   855   811
     110   1   2   3   0   0    811   855   854   864
     111   1   2   3   0   0    864   854   853   812
     112   1   2   3   0   0    852   851   815   816
     113   1   2   3   0   0    815   851   850   814
     114   1   2   3   0   0    814   847   846   815
     115   1   2   3   0   0    815   846   845   816
     116   1   2   3   0   0    816   845   844   817
     117   1   2   3   0   0    817   844   843   818
     118   1   2   3   0   0    818   843   842   819
     119   1   2   3   0   0    819   842   841   820
     120   1   2   3   0   0    820   841   840   821
 
    ELEM MAT TYP REL ESY SEC        NODES
 
     121   1   2   3   0   0    821   840   839   822
     122   1   2   3   0   0    822   839   838   829
     123   1   2   3   0   0    824   831   862   861
     124   1   2   3   0   0    825   832   831   824
     125   1   2   3   0   0    826   833   832   825
     126   1   2   3   0   0    827   834   833   826
     127   1   2   3   0   0    828   835   834   827
     128   1   2   3   0   0    829   836   835   828
     129   1   2   3   0   0    838   837   836   829
     130   1   2   3   0   0    831   219   218   862
     131   1   2   3   0   0    832   220   219   831
     132   1   2   3   0   0    833   221   220   832
     133   1   2   3   0   0    834   222   221   833
     134   1   2   3   0   0    835   223   222   834
     135   1   2   3   0   0    836   224   223   835
     136   1   2   3   0   0    837   225   224   836
     137   1   2   3   0   0    837   217   204   225
     138   1   2   3   0   0    838   216   217   837
     139   1   2   3   0   0    839   215   216   838
     140   1   2   3   0   0    840   214   215   839
 
    ELEM MAT TYP REL ESY SEC        NODES
 
     141   1   2   3   0   0    841   213   214   840
     142   1   2   3   0   0    842   212   213   841
     143   1   2   3   0   0    843   211   212   842
     144   1   2   3   0   0    844   210   211   843
     145   1   2   3   0   0    845   209   210   844
     146   1   2   3   0   0    846   208   209   845
     147   1   2   3   0   0    847   207   208   846
     148   1   2   3   0   0    848   206   207   847
     149   1   2   3   0   0    863   205   206   848
     150   1   2   3   0   0    863   199   172   205
     151   1   2   3   0   0    849   198   199   863
     152   1   2   3   0   0    850   197   198   849
     153   1   2   3   0   0    851   196   197   850
     154   1   2   3   0   0    852   195   196   851
     155   1   2   3   0   0    853   194   195   852
     156   1   2   3   0   0    854   193   194   853
     157   1   2   3   0   0    855   192   193   854
     158   1   2   3   0   0    856   191   192   855
     159   1   2   3   0   0    857   190   191   856
     160   1   2   3   0   0    858   189   190   857
 
    ELEM MAT TYP REL ESY SEC        NODES
 
     161   1   2   3   0   0    865   188   189   858
     162   1   2   3   0   0    859   187   188   865
     163   1   2   3   0   0    860   186   187   859
     164   1   2   3   0   0    201   168   186   860
     165   1   2   3   0   0    861   202   201   860
     166   1   2   3   0   0    862   203   202   861
     167   1   2   3   0   0    218   200   203   862
     168   1   2   3   0   0    758    48    42    87
     169   1   2   3   0   0    786   758    87    86
     170   1   2   3   0   0    758   761    49    48
     171   1   2   3   0   0    770   769    59    58
     172   1   2   3   0   0    767   770    58    57
     173   1   2   3   0   0    742   788   760   721
     174   1   2   3   0   0    728   742   721   759
     175   1   2   3   0   0    761   759   721   760
     176   1   2   3   0   0    790   743   765   764
     177   1   2   3   0   0    730   729   743   790
     178   1   2   3   0   0    788   762    52    51
     179   1   2   3   0   0    742   741   762   788
     180   1   2   3   0   0    722   733   732   723
 
    ELEM MAT TYP REL ESY SEC        NODES
 
     181   1   2   3   0   0    727   741   726   722
     182   1   2   3   0   0    726   736   735   722
     183   1   2   3   0   0    735   734   733   722
     184   1   2   3   0   0    723   724   739   727
     185   1   2   3   0   0    723   732   731   724
     186   1   2   3   0   0    724   731   730   725
     187   1   2   3   0   0    744   766   765   743
     188   1   2   3   0   0    725   740   739   724
     189   1   2   3   0   0    730   790   740   725
     190   1   2   3   0   0    726   728   737   736
     191   1   2   3   0   0    741   742   728   726
     192   1   2   3   0   0    739   762   741   727
     193   1   2   3   0   0    728   759   738   737
     194   1   2   3   0   0    729   746   745   744
     195   1   2   3   0   0    730   747   746   729
     196   1   2   3   0   0    731   748   747   730
     197   1   2   3   0   0    732   749   748   731
     198   1   2   3   0   0    733   750   749   732
     199   1   2   3   0   0    734   751   750   733
     200   1   2   3   0   0    734   753   752   751
 
    ELEM MAT TYP REL ESY SEC        NODES
 
     201   1   2   3   0   0    735   754   753   734
     202   1   2   3   0   0    736   755   754   735
     203   1   2   3   0   0    737   756   755   736
     204   1   2   3   0   0    738   757   756   737
     205   1   2   3   0   0    758   786   757   738
     206   1   2   3   0   0    759   761   758   738
     207   1   2   3   0   0    740   763   762   739
     208   1   2   3   0   0    790   764   763   740
     209   1   2   3   0   0    745   767   766   744
     210   1   2   3   0   0    745   771   770   767
     211   1   2   3   0   0    746   772   771   745
     212   1   2   3   0   0    747   773   772   746
     213   1   2   3   0   0    748   774   773   747
     214   1   2   3   0   0    749   775   774   748
     215   1   2   3   0   0    750   776   775   749
     216   1   2   3   0   0    751   777   776   750
     217   1   2   3   0   0    752   778   777   751
     218   1   2   3   0   0    752   780   779   778
     219   1   2   3   0   0    753   781   780   752
     220   1   2   3   0   0    754   782   781   753
 
    ELEM MAT TYP REL ESY SEC        NODES
 
     221   1   2   3   0   0    755   783   782   754
     222   1   2   3   0   0    756   784   783   755
     223   1   2   3   0   0    757   789   784   756
     224   1   2   3   0   0    786   785   789   757
     225   1   2   3   0   0    788    51    50   760
     226   1   2   3   0   0    760    50    49   761
     227   1   2   3   0   0    763    53    52   762
     228   1   2   3   0   0    764    54    53   763
     229   1   2   3   0   0    765    55    54   764
     230   1   2   3   0   0    766    56    55   765
     231   1   2   3   0   0    767    57    56   766
     232   1   2   3   0   0    768    60    59   769
     233   1   2   3   0   0    787    61    60   768
     234   1   2   3   0   0    787   109    47    61
     235   1   2   3   0   0    768   108   109   787
     236   1   2   3   0   0    769   107   108   768
     237   1   2   3   0   0    770   106   107   769
     238   1   2   3   0   0    771   105   106   770
     239   1   2   3   0   0    772   104   105   771
     240   1   2   3   0   0    773   103   104   772
 
    ELEM MAT TYP REL ESY SEC        NODES
 
     241   1   2   3   0   0    774   102   103   773
     242   1   2   3   0   0    775   101   102   774
     243   1   2   3   0   0    776   100   101   775
     244   1   2   3   0   0    777    99   100   776
     245   1   2   3   0   0    778    98    99   777
     246   1   2   3   0   0    779    97    98   778
     247   1   2   3   0   0    779    96    88    97
     248   1   2   3   0   0    780    95    96   779
     249   1   2   3   0   0    781    94    95   780
     250   1   2   3   0   0    782    93    94   781
     251   1   2   3   0   0    783    92    93   782
     252   1   2   3   0   0    784    91    92   783
     253   1   2   3   0   0    789    90    91   784
     254   1   2   3   0   0    785    89    90   789
     255   1   2   3   0   0    785    85    84    89
     256   1   2   3   0   0    786    86    85   785
     257   1   2   3   0   0    681   679   664   682
     258   1   2   3   0   0    664   683   189   188
     259   1   2   3   0   0    187   682   664   188
     260   1   2   3   0   0    664   663   668   683
 
    ELEM MAT TYP REL ESY SEC        NODES
 
     261   1   2   3   0   0    711   681   680   708
     262   1   2   3   0   0    679   681   711   707
     263   1   2   3   0   0    680   709   171   170
     264   1   2   3   0   0    708   680   170   169
     265   1   2   3   0   0    693   692   197   196
     266   1   2   3   0   0    690   693   196   195
     267   1   2   3   0   0    667   653   655   665
     268   1   2   3   0   0    654   653   667   668
     269   1   2   3   0   0    654   662   661   660
     270   1   2   3   0   0    653   654   660   659
     271   1   2   3   0   0    662   654   668   663
     272   1   2   3   0   0    667   665   685   684
     273   1   2   3   0   0    653   659   658   655
     274   1   2   3   0   0    658   657   656   655
     275   1   2   3   0   0    656   712   665   655
     276   1   2   3   0   0    657   666   712   656
     277   1   2   3   0   0    657   670   669   666
     278   1   2   3   0   0    658   671   670   657
     279   1   2   3   0   0    659   672   671   658
     280   1   2   3   0   0    660   673   672   659
 
    ELEM MAT TYP REL ESY SEC        NODES
 
     281   1   2   3   0   0    661   674   673   660
     282   1   2   3   0   0    661   676   675   674
     283   1   2   3   0   0    662   677   676   661
     284   1   2   3   0   0    663   678   677   662
     285   1   2   3   0   0    664   679   678   663
     286   1   2   3   0   0    712   686   685   665
     287   1   2   3   0   0    666   669   688   687
     288   1   2   3   0   0    666   687   686   712
     289   1   2   3   0   0    667   684   683   668
     290   1   2   3   0   0    669   695   694   688
     291   1   2   3   0   0    670   696   695   669
     292   1   2   3   0   0    671   697   696   670
     293   1   2   3   0   0    672   698   697   671
     294   1   2   3   0   0    673   699   698   672
     295   1   2   3   0   0    674   700   699   673
     296   1   2   3   0   0    675   701   700   674
     297   1   2   3   0   0    675   703   702   701
     298   1   2   3   0   0    676   704   703   675
     299   1   2   3   0   0    677   705   704   676
     300   1   2   3   0   0    678   706   705   677
 
    ELEM MAT TYP REL ESY SEC        NODES
 
     301   1   2   3   0   0    679   707   706   678
     302   1   2   3   0   0    687   688   690   689
     303   1   2   3   0   0    680   681   682   709
     304   1   2   3   0   0    187   186   709   682
     305   1   2   3   0   0    684   190   189   683
     306   1   2   3   0   0    685   191   190   684
     307   1   2   3   0   0    686   192   191   685
     308   1   2   3   0   0    687   193   192   686
     309   1   2   3   0   0    689   194   193   687
     310   1   2   3   0   0    688   694   693   690
     311   1   2   3   0   0    690   195   194   689
     312   1   2   3   0   0    691   198   197   692
     313   1   2   3   0   0    710   199   198   691
     314   1   2   3   0   0    710   185   172   199
     315   1   2   3   0   0    691   184   185   710
     316   1   2   3   0   0    692   183   184   691
     317   1   2   3   0   0    693   182   183   692
     318   1   2   3   0   0    694   181   182   693
     319   1   2   3   0   0    695   180   181   694
     320   1   2   3   0   0    696   179   180   695
 
    ELEM MAT TYP REL ESY SEC        NODES
 
     321   1   2   3   0   0    697   178   179   696
     322   1   2   3   0   0    698   177   178   697
     323   1   2   3   0   0    699   176   177   698
     324   1   2   3   0   0    700   175   176   699
     325   1   2   3   0   0    701   174   175   700
     326   1   2   3   0   0    702   173   174   701
     327   1   2   3   0   0    702    83    62   173
     328   1   2   3   0   0    703    82    83   702
     329   1   2   3   0   0    704    81    82   703
     330   1   2   3   0   0    705    80    81   704
     331   1   2   3   0   0    706    79    80   705
     332   1   2   3   0   0    707    78    79   706
     333   1   2   3   0   0    711    77    78   707
     334   1   2   3   0   0    708    76    77   711
     335   1   2   3   0   0    708   169    43    76
     336   1   2   3   0   0    186   168   171   709
     337   1   2   3   0   0    560   561   557   565
     338   1   2   3   0   0    561   574   573   557
     339   1   2   3   0   0    625   589   627   626
     340   1   2   3   0   0    625   633   596   589
 
    ELEM MAT TYP REL ESY SEC        NODES
 
     341   1   2   3   0   0    614   613   580   556
     342   1   2   3   0   0    614   556   615   630
     343   1   2   3   0   0    580   616   615   556
     344   1   2   3   0   0    566   595   624   623
     345   1   2   3   0   0    575   562   566   623
     346   1   2   3   0   0    560   565   577   631
     347   1   2   3   0   0    631   578   561   560
     348   1   2   3   0   0    574   561   578   579
     349   1   2   3   0   0    557   573   572   558
     350   1   2   3   0   0    558   564   565   557
     351   1   2   3   0   0    572   571   559   558
     352   1   2   3   0   0    559   563   564   558
     353   1   2   3   0   0    559   562   575   563
     354   1   2   3   0   0    562   559   569   568
     355   1   2   3   0   0    571   570   569   559
     356   1   2   3   0   0    568   632   566   562
     357   1   2   3   0   0    563   575   576   564
     358   1   2   3   0   0    564   576   577   565
     359   1   2   3   0   0    632   567   595   566
     360   1   2   3   0   0    567   589   596   595
 
    ELEM MAT TYP REL ESY SEC        NODES
 
     361   1   2   3   0   0    567   590   627   589
     362   1   2   3   0   0    632   591   590   567
     363   1   2   3   0   0    568   592   591   632
     364   1   2   3   0   0    569   593   592   568
     365   1   2   3   0   0    570   629   593   569
     366   1   2   3   0   0    570   588   594   629
     367   1   2   3   0   0    571   587   588   570
     368   1   2   3   0   0    572   586   587   571
     369   1   2   3   0   0    573   585   586   572
     370   1   2   3   0   0    574   584   585   573
     371   1   2   3   0   0    579   583   584   574
     372   1   2   3   0   0    575   623   622   576
     373   1   2   3   0   0    576   622   621   577
     374   1   2   3   0   0    577   621   620   631
     375   1   2   3   0   0    631   620   619   578
     376   1   2   3   0   0    578   619   618   579
     377   1   2   3   0   0    618   582   583   579
     378   1   2   3   0   0    618   617   581   582
     379   1   2   3   0   0    581   617   616   580
     380   1   2   3   0   0    580   613   612   581
 
    ELEM MAT TYP REL ESY SEC        NODES
 
     381   1   2   3   0   0    581   612   611   582
     382   1   2   3   0   0    582   611   610   583
     383   1   2   3   0   0    583   610   609   584
     384   1   2   3   0   0    584   609   608   585
     385   1   2   3   0   0    585   608   607   586
     386   1   2   3   0   0    586   607   606   587
     387   1   2   3   0   0    587   606   605   588
     388   1   2   3   0   0    588   605   604   594
     389   1   2   3   0   0    590   597   628   627
     390   1   2   3   0   0    591   598   597   590
     391   1   2   3   0   0    592   599   598   591
     392   1   2   3   0   0    593   600   599   592
     393   1   2   3   0   0    629   601   600   593
     394   1   2   3   0   0    594   602   601   629
     395   1   2   3   0   0    604   603   602   594
     396   1   2   3   0   0    596   633   624   595
     397   1   2   3   0   0    597    90    89   628
     398   1   2   3   0   0    598    91    90   597
     399   1   2   3   0   0    599    92    91   598
     400   1   2   3   0   0    600    93    92   599
 
    ELEM MAT TYP REL ESY SEC        NODES
 
     401   1   2   3   0   0    601    94    93   600
     402   1   2   3   0   0    602    95    94   601
     403   1   2   3   0   0    603    96    95   602
     404   1   2   3   0   0    603   141    88    96
     405   1   2   3   0   0    604   140   141   603
     406   1   2   3   0   0    605   139   140   604
     407   1   2   3   0   0    606   138   139   605
     408   1   2   3   0   0    607   137   138   606
     409   1   2   3   0   0    608   136   137   607
     410   1   2   3   0   0    609   135   136   608
     411   1   2   3   0   0    610   134   135   609
     412   1   2   3   0   0    611   133   134   610
     413   1   2   3   0   0    612   132   133   611
     414   1   2   3   0   0    613   131   132   612
     415   1   2   3   0   0    614   130   131   613
     416   1   2   3   0   0    630   129   130   614
     417   1   2   3   0   0    630   128   114   129
     418   1   2   3   0   0    615   127   128   630
     419   1   2   3   0   0    616   126   127   615
     420   1   2   3   0   0    617   125   126   616
 
    ELEM MAT TYP REL ESY SEC        NODES
 
     421   1   2   3   0   0    618   124   125   617
     422   1   2   3   0   0    619   123   124   618
     423   1   2   3   0   0    620   122   123   619
     424   1   2   3   0   0    621   121   122   620
     425   1   2   3   0   0    622   120   121   621
     426   1   2   3   0   0    623   119   120   622
     427   1   2   3   0   0    624   118   119   623
     428   1   2   3   0   0    633   117   118   624
     429   1   2   3   0   0    625   116   117   633
     430   1   2   3   0   0    626   115   116   625
     431   1   2   3   0   0    111   110   115   626
     432   1   2   3   0   0    627   112   111   626
     433   1   2   3   0   0    628   113   112   627
     434   1   2   3   0   0     89    84   113   628
     435   1   2   3   0   0    542   506   502   543
     436   1   2   3   0   0    506   507   503   502
     437   1   2   3   0   0    538   537   504   481
     438   1   2   3   0   0    538   481   539   553
     439   1   2   3   0   0    504   540   539   481
     440   1   2   3   0   0    485   489   547   499
 
    ELEM MAT TYP REL ESY SEC        NODES
 
     441   1   2   3   0   0    489   520   548   547
     442   1   2   3   0   0    520   513   555   548
     443   1   2   3   0   0    549   555   513   514
     444   1   2   3   0   0    514   551   550   549
     445   1   2   3   0   0    495   494   483   482
     446   1   2   3   0   0    497   496   488   498
     447   1   2   3   0   0    482   487   488   496
     448   1   2   3   0   0    483   486   487   482
     449   1   2   3   0   0    483   492   484   486
     450   1   2   3   0   0    494   493   492   483
     451   1   2   3   0   0    492   491   485   484
     452   1   2   3   0   0    485   499   486   484
     453   1   2   3   0   0    491   490   489   485
     454   1   2   3   0   0    486   499   500   487
     455   1   2   3   0   0    487   500   501   488
     456   1   2   3   0   0    488   501   554   498
     457   1   2   3   0   0    489   490   513   520
     458   1   2   3   0   0    490   515   514   513
     459   1   2   3   0   0    491   516   515   490
     460   1   2   3   0   0    492   517   516   491
 
    ELEM MAT TYP REL ESY SEC        NODES
 
     461   1   2   3   0   0    493   518   517   492
     462   1   2   3   0   0    493   512   519   518
     463   1   2   3   0   0    494   511   512   493
     464   1   2   3   0   0    495   510   511   494
     465   1   2   3   0   0    496   509   510   495
     466   1   2   3   0   0    497   508   509   496
     467   1   2   3   0   0    503   507   508   497
     468   1   2   3   0   0    498   554   502   503
     469   1   2   3   0   0    499   547   546   500
     470   1   2   3   0   0    500   546   545   501
     471   1   2   3   0   0    501   545   544   554
     472   1   2   3   0   0    554   544   543   502
     473   1   2   3   0   0    542   541   505   506
     474   1   2   3   0   0    505   541   540   504
     475   1   2   3   0   0    504   537   536   505
     476   1   2   3   0   0    505   536   535   506
     477   1   2   3   0   0    506   535   534   507
     478   1   2   3   0   0    507   534   533   508
     479   1   2   3   0   0    508   533   532   509
     480   1   2   3   0   0    509   532   531   510
 
    ELEM MAT TYP REL ESY SEC        NODES
 
     481   1   2   3   0   0    510   531   530   511
     482   1   2   3   0   0    511   530   529   512
     483   1   2   3   0   0    512   529   528   519
     484   1   2   3   0   0    514   521   552   551
     485   1   2   3   0   0    515   522   521   514
     486   1   2   3   0   0    516   523   522   515
     487   1   2   3   0   0    517   524   523   516
     488   1   2   3   0   0    518   525   524   517
     489   1   2   3   0   0    519   526   525   518
     490   1   2   3   0   0    528   527   526   519
     491   1   2   3   0   0    521    77    76   552
     492   1   2   3   0   0    522    78    77   521
     493   1   2   3   0   0    523    79    78   522
     494   1   2   3   0   0    524    80    79   523
     495   1   2   3   0   0    525    81    80   524
     496   1   2   3   0   0    526    82    81   525
     497   1   2   3   0   0    527    83    82   526
     498   1   2   3   0   0    527    75    62    83
     499   1   2   3   0   0    528    74    75   527
     500   1   2   3   0   0    529    73    74   528
 
    ELEM MAT TYP REL ESY SEC        NODES
 
     501   1   2   3   0   0    530    72    73   529
     502   1   2   3   0   0    531    71    72   530
     503   1   2   3   0   0    532    70    71   531
     504   1   2   3   0   0    533    69    70   532
     505   1   2   3   0   0    534    68    69   533
     506   1   2   3   0   0    535    67    68   534
     507   1   2   3   0   0    536    66    67   535
     508   1   2   3   0   0    537    65    66   536
     509   1   2   3   0   0    538    64    65   537
     510   1   2   3   0   0    553    63    64   538
     511   1   2   3   0   0    553    61    47    63
     512   1   2   3   0   0    539    60    61   553
     513   1   2   3   0   0    540    59    60   539
     514   1   2   3   0   0    541    58    59   540
     515   1   2   3   0   0    542    57    58   541
     516   1   2   3   0   0    543    56    57   542
     517   1   2   3   0   0    544    55    56   543
     518   1   2   3   0   0    545    54    55   544
     519   1   2   3   0   0    546    53    54   545
     520   1   2   3   0   0    547    52    53   546
 
    ELEM MAT TYP REL ESY SEC        NODES
 
     521   1   2   3   0   0    548    51    52   547
     522   1   2   3   0   0    555    50    51   548
     523   1   2   3   0   0    549    49    50   555
     524   1   2   3   0   0    550    48    49   549
     525   1   2   3   0   0     44    42    48   550
     526   1   2   3   0   0    551    45    44   550
     527   1   2   3   0   0    552    46    45   551
     528   1   2   3   0   0     76    43    46   552
     529   1   2   3   0   0    439   437   422   440
     530   1   2   3   0   0    422   441   118   117
     531   1   2   3   0   0    116   440   422   117
     532   1   2   3   0   0    422   421   426   441
     533   1   2   3   0   0    469   439   438   466
     534   1   2   3   0   0    437   439   469   465
     535   1   2   3   0   0    438   467   145   144
     536   1   2   3   0   0    466   438   144   143
     537   1   2   3   0   0    451   450   126   125
     538   1   2   3   0   0    448   451   125   124
     539   1   2   3   0   0    425   411   413   423
     540   1   2   3   0   0    412   411   425   426
 
    ELEM MAT TYP REL ESY SEC        NODES
 
     541   1   2   3   0   0    412   420   419   418
     542   1   2   3   0   0    411   412   418   417
     543   1   2   3   0   0    420   412   426   421
     544   1   2   3   0   0    425   423   443   442
     545   1   2   3   0   0    411   417   416   413
     546   1   2   3   0   0    416   415   414   413
     547   1   2   3   0   0    414   470   423   413
     548   1   2   3   0   0    415   424   470   414
     549   1   2   3   0   0    415   428   427   424
     550   1   2   3   0   0    416   429   428   415
     551   1   2   3   0   0    417   430   429   416
     552   1   2   3   0   0    418   431   430   417
     553   1   2   3   0   0    419   432   431   418
     554   1   2   3   0   0    419   434   433   432
     555   1   2   3   0   0    420   435   434   419
     556   1   2   3   0   0    421   436   435   420
     557   1   2   3   0   0    422   437   436   421
     558   1   2   3   0   0    470   444   443   423
     559   1   2   3   0   0    424   427   446   445
     560   1   2   3   0   0    424   445   444   470
 
    ELEM MAT TYP REL ESY SEC        NODES
 
     561   1   2   3   0   0    425   442   441   426
     562   1   2   3   0   0    427   453   452   446
     563   1   2   3   0   0    428   454   453   427
     564   1   2   3   0   0    429   455   454   428
     565   1   2   3   0   0    430   456   455   429
     566   1   2   3   0   0    431   457   456   430
     567   1   2   3   0   0    432   458   457   431
     568   1   2   3   0   0    433   459   458   432
     569   1   2   3   0   0    433   461   460   459
     570   1   2   3   0   0    434   462   461   433
     571   1   2   3   0   0    435   463   462   434
     572   1   2   3   0   0    436   464   463   435
     573   1   2   3   0   0    437   465   464   436
     574   1   2   3   0   0    445   446   448   447
     575   1   2   3   0   0    438   439   440   467
     576   1   2   3   0   0    116   115   467   440
     577   1   2   3   0   0    442   119   118   441
     578   1   2   3   0   0    443   120   119   442
     579   1   2   3   0   0    444   121   120   443
     580   1   2   3   0   0    445   122   121   444
 
    ELEM MAT TYP REL ESY SEC        NODES
 
     581   1   2   3   0   0    447   123   122   445
     582   1   2   3   0   0    446   452   451   448
     583   1   2   3   0   0    448   124   123   447
     584   1   2   3   0   0    449   127   126   450
     585   1   2   3   0   0    468   128   127   449
     586   1   2   3   0   0    468   167   114   128
     587   1   2   3   0   0    449   166   167   468
     588   1   2   3   0   0    450   165   166   449
     589   1   2   3   0   0    451   164   165   450
     590   1   2   3   0   0    452   163   164   451
     591   1   2   3   0   0    453   162   163   452
     592   1   2   3   0   0    454   161   162   453
     593   1   2   3   0   0    455   160   161   454
     594   1   2   3   0   0    456   159   160   455
     595   1   2   3   0   0    457   158   159   456
     596   1   2   3   0   0    458   157   158   457
     597   1   2   3   0   0    459   156   157   458
     598   1   2   3   0   0    460   155   156   459
     599   1   2   3   0   0    460   154   146   155
     600   1   2   3   0   0    461   153   154   460
 
    ELEM MAT TYP REL ESY SEC        NODES
 
     601   1   2   3   0   0    462   152   153   461
     602   1   2   3   0   0    463   151   152   462
     603   1   2   3   0   0    464   150   151   463
     604   1   2   3   0   0    465   149   150   464
     605   1   2   3   0   0    469   148   149   465
     606   1   2   3   0   0    466   147   148   469
     607   1   2   3   0   0    466   143   142   147
     608   1   2   3   0   0    115   110   145   467
     609   1   2   3   0   0    378   244   226   229
     610   1   2   3   0   0    406   378   229   228
     611   1   2   3   0   0    378   381   245   244
     612   1   2   3   0   0    390   389   255   254
     613   1   2   3   0   0    387   390   254   253
     614   1   2   3   0   0    362   408   380   341
     615   1   2   3   0   0    348   362   341   379
     616   1   2   3   0   0    381   379   341   380
     617   1   2   3   0   0    410   363   385   384
     618   1   2   3   0   0    350   349   363   410
     619   1   2   3   0   0    408   382   248   247
     620   1   2   3   0   0    362   361   382   408
 
    ELEM MAT TYP REL ESY SEC        NODES
 
     621   1   2   3   0   0    342   353   352   343
     622   1   2   3   0   0    347   361   346   342
     623   1   2   3   0   0    346   356   355   342
     624   1   2   3   0   0    355   354   353   342
     625   1   2   3   0   0    343   344   359   347
     626   1   2   3   0   0    343   352   351   344
     627   1   2   3   0   0    344   351   350   345
     628   1   2   3   0   0    364   386   385   363
     629   1   2   3   0   0    345   360   359   344
     630   1   2   3   0   0    350   410   360   345
     631   1   2   3   0   0    346   348   357   356
     632   1   2   3   0   0    361   362   348   346
     633   1   2   3   0   0    359   382   361   347
     634   1   2   3   0   0    348   379   358   357
     635   1   2   3   0   0    349   366   365   364
     636   1   2   3   0   0    350   367   366   349
     637   1   2   3   0   0    351   368   367   350
     638   1   2   3   0   0    352   369   368   351
     639   1   2   3   0   0    353   370   369   352
     640   1   2   3   0   0    354   371   370   353
 
    ELEM MAT TYP REL ESY SEC        NODES
 
     641   1   2   3   0   0    354   373   372   371
     642   1   2   3   0   0    355   374   373   354
     643   1   2   3   0   0    356   375   374   355
     644   1   2   3   0   0    357   376   375   356
     645   1   2   3   0   0    358   377   376   357
     646   1   2   3   0   0    378   406   377   358
     647   1   2   3   0   0    379   381   378   358
     648   1   2   3   0   0    360   383   382   359
     649   1   2   3   0   0    410   384   383   360
     650   1   2   3   0   0    365   387   386   364
     651   1   2   3   0   0    365   391   390   387
     652   1   2   3   0   0    366   392   391   365
     653   1   2   3   0   0    367   393   392   366
     654   1   2   3   0   0    368   394   393   367
     655   1   2   3   0   0    369   395   394   368
     656   1   2   3   0   0    370   396   395   369
     657   1   2   3   0   0    371   397   396   370
     658   1   2   3   0   0    372   398   397   371
     659   1   2   3   0   0    372   400   399   398
     660   1   2   3   0   0    373   401   400   372
 
    ELEM MAT TYP REL ESY SEC        NODES
 
     661   1   2   3   0   0    374   402   401   373
     662   1   2   3   0   0    375   403   402   374
     663   1   2   3   0   0    376   404   403   375
     664   1   2   3   0   0    377   409   404   376
     665   1   2   3   0   0    406   405   409   377
     666   1   2   3   0   0    408   247   246   380
     667   1   2   3   0   0    380   246   245   381
     668   1   2   3   0   0    383   249   248   382
     669   1   2   3   0   0    384   250   249   383
     670   1   2   3   0   0    385   251   250   384
     671   1   2   3   0   0    386   252   251   385
     672   1   2   3   0   0    387   253   252   386
     673   1   2   3   0   0    388   256   255   389
     674   1   2   3   0   0    407   257   256   388
     675   1   2   3   0   0    407   243   230   257
     676   1   2   3   0   0    388   242   243   407
     677   1   2   3   0   0    389   241   242   388
     678   1   2   3   0   0    390   240   241   389
     679   1   2   3   0   0    391   239   240   390
     680   1   2   3   0   0    392   238   239   391
 
    ELEM MAT TYP REL ESY SEC        NODES
 
     681   1   2   3   0   0    393   237   238   392
     682   1   2   3   0   0    394   236   237   393
     683   1   2   3   0   0    395   235   236   394
     684   1   2   3   0   0    396   234   235   395
     685   1   2   3   0   0    397   233   234   396
     686   1   2   3   0   0    398   232   233   397
     687   1   2   3   0   0    399   231   232   398
     688   1   2   3   0   0    399   225   204   231
     689   1   2   3   0   0    400   224   225   399
     690   1   2   3   0   0    401   223   224   400
     691   1   2   3   0   0    402   222   223   401
     692   1   2   3   0   0    403   221   222   402
     693   1   2   3   0   0    404   220   221   403
     694   1   2   3   0   0    409   219   220   404
     695   1   2   3   0   0    405   218   219   409
     696   1   2   3   0   0    405   227   200   218
     697   1   2   3   0   0    406   228   227   405
     698   1   2   3   0   0    284   283   281   274
     699   1   2   3   0   0    274   337   290   284
     700   1   2   3   0   0    274   281   291   337
 
    ELEM MAT TYP REL ESY SEC        NODES
 
     701   1   2   3   0   0    298   290   306   307
     702   1   2   3   0   0    284   290   298   338
     703   1   2   3   0   0    311   308   264   265
     704   1   2   3   0   0    308   310   263   264
     705   1   2   3   0   0    298   307   308   311
     706   1   2   3   0   0    292   275   277   278
     707   1   2   3   0   0    275   292   288   276
     708   1   2   3   0   0    288   292   329   328
     709   1   2   3   0   0    291   288   328   327
     710   1   2   3   0   0    329   292   278   289
     711   1   2   3   0   0    289   305   330   329
     712   1   2   3   0   0    305   299   340   330
     713   1   2   3   0   0    331   340   299   304
     714   1   2   3   0   0    304   333   332   331
     715   1   2   3   0   0    306   326   251   252
     716   1   2   3   0   0    290   337   326   306
     717   1   2   3   0   0    275   280   279   277
     718   1   2   3   0   0    276   282   280   275
     719   1   2   3   0   0    288   291   281   276
     720   1   2   3   0   0    281   283   282   276
 
    ELEM MAT TYP REL ESY SEC        NODES
 
     721   1   2   3   0   0    279   287   286   277
     722   1   2   3   0   0    277   286   285   278
     723   1   2   3   0   0    285   339   289   278
     724   1   2   3   0   0    279   294   293   287
     725   1   2   3   0   0    280   295   294   279
     726   1   2   3   0   0    282   296   295   280
     727   1   2   3   0   0    283   297   296   282
     728   1   2   3   0   0    284   338   297   283
     729   1   2   3   0   0    285   301   300   339
     730   1   2   3   0   0    286   302   301   285
     731   1   2   3   0   0    287   335   302   286
     732   1   2   3   0   0    293   303   335   287
     733   1   2   3   0   0    339   299   305   289
     734   1   2   3   0   0    300   304   299   339
     735   1   2   3   0   0    291   327   326   337
     736   1   2   3   0   0    293   317   318   303
     737   1   2   3   0   0    294   316   317   293
     738   1   2   3   0   0    295   315   316   294
     739   1   2   3   0   0    296   314   315   295
     740   1   2   3   0   0    297   313   314   296
 
    ELEM MAT TYP REL ESY SEC        NODES
 
     741   1   2   3   0   0    338   312   313   297
     742   1   2   3   0   0    298   311   312   338
     743   1   2   3   0   0    300   320   319   304
     744   1   2   3   0   0    301   321   320   300
     745   1   2   3   0   0    302   322   321   301
     746   1   2   3   0   0    335   323   322   302
     747   1   2   3   0   0    303   324   323   335
     748   1   2   3   0   0    318   325   324   303
     749   1   2   3   0   0    319   334   333   304
     750   1   2   3   0   0    306   252   253   307
     751   1   2   3   0   0    307   253   254   308
     752   1   2   3   0   0    308   254   255   310
     753   1   2   3   0   0    310   255   256   309
     754   1   2   3   0   0    309   256   257   336
     755   1   2   3   0   0    336   257   230   261
     756   1   2   3   0   0    336   261   262   309
     757   1   2   3   0   0    309   262   263   310
     758   1   2   3   0   0    311   265   266   312
     759   1   2   3   0   0    312   266   267   313
     760   1   2   3   0   0    313   267   268   314
 
    ELEM MAT TYP REL ESY SEC        NODES
 
     761   1   2   3   0   0    314   268   269   315
     762   1   2   3   0   0    315   269   270   316
     763   1   2   3   0   0    316   270   271   317
     764   1   2   3   0   0    317   271   272   318
     765   1   2   3   0   0    318   272   273   325
     766   1   2   3   0   0    319   148   147   334
     767   1   2   3   0   0    320   149   148   319
     768   1   2   3   0   0    321   150   149   320
     769   1   2   3   0   0    322   151   150   321
     770   1   2   3   0   0    323   152   151   322
     771   1   2   3   0   0    324   153   152   323
     772   1   2   3   0   0    325   154   153   324
     773   1   2   3   0   0    273   146   154   325
     774   1   2   3   0   0    327   250   251   326
     775   1   2   3   0   0    328   249   250   327
     776   1   2   3   0   0    329   248   249   328
     777   1   2   3   0   0    330   247   248   329
     778   1   2   3   0   0    340   246   247   330
     779   1   2   3   0   0    331   245   246   340
     780   1   2   3   0   0    332   244   245   331
 
    ELEM MAT TYP REL ESY SEC        NODES
 
     781   1   2   3   0   0    258   226   244   332
     782   1   2   3   0   0    333   259   258   332
     783   1   2   3   0   0    334   260   259   333
     784   1   2   3   0   0    147   142   260   334

